#FIG 3.2
Landscape
Center
Metric
A4      
100.00
Single
-2
1200 2
2 1 0 1 0 7 50 0 -1 0.000 0 0 -1 1 0 2
	1 1 1.00 90.00 120.00
	 5400 3150 4500 4320
2 1 0 1 0 7 50 0 -1 0.000 0 0 -1 1 0 2
	1 1 1.00 90.00 120.00
	 6030 3150 6930 4230
2 1 0 1 0 7 50 0 -1 0.000 0 0 -1 1 0 2
	1 1 1.00 90.00 120.00
	 4500 4500 5400 5580
2 1 0 1 0 7 50 0 -1 0.000 0 0 -1 1 0 2
	1 1 1.00 90.00 120.00
	 7020 4500 6120 5670
4 0 0 50 0 0 14 0.0000 4 150 675 5400 5805 Codon2\001
4 0 0 50 0 0 14 0.0000 4 150 675 5400 3150 Codon1\001
4 0 0 50 0 0 14 0.0000 4 150 1215 4050 4500 Intermediate1\001
4 0 0 50 0 0 14 0.0000 4 150 1215 6300 4500 Intermediate2\001
4 0 0 50 0 0 14 0.0000 4 150 210 6480 3600 b3\001
4 0 0 50 0 0 14 0.0000 4 150 210 4770 3600 b1\001
4 0 0 50 0 0 14 0.0000 4 150 210 4680 5130 b2\001
4 0 0 50 0 0 14 0.0000 4 150 210 6750 5130 b4\001
