#FIG 3.2
Landscape
Center
Metric
A4      
288.00
Single
-2
1200 2
2 1 0 1 0 7 50 0 -1 0.000 0 0 -1 1 0 2
	1 1 1.00 60.00 120.00
	 5850 1440 2790 1980
2 1 0 1 0 7 50 0 -1 0.000 0 0 -1 1 0 2
	1 1 1.00 60.00 120.00
	 2430 2430 1350 3960
2 1 0 1 0 7 50 0 -1 0.000 0 0 -1 1 0 2
	1 1 1.00 60.00 120.00
	 2790 2430 3780 3960
2 1 0 1 0 7 50 0 -1 0.000 0 0 -1 1 0 2
	1 1 1.00 60.00 120.00
	 1350 4590 5670 6300
2 1 0 1 0 7 50 0 -1 0.000 0 0 -1 1 0 2
	1 1 1.00 60.00 120.00
	 3870 4590 5670 6300
2 1 0 1 0 7 50 0 -1 0.000 0 0 -1 1 0 2
	1 1 1.00 60.00 120.00
	 6210 1620 6210 2070
2 1 0 1 0 7 50 0 -1 0.000 0 0 -1 1 0 2
	1 1 1.00 60.00 120.00
	 6300 2520 7110 3960
2 1 0 1 0 7 50 0 -1 0.000 0 0 -1 1 0 2
	1 1 1.00 60.00 120.00
	 5400 4590 6120 6030
2 1 0 1 0 7 50 0 -1 0.000 0 0 -1 1 0 2
	1 1 1.00 60.00 120.00
	 7200 4590 6390 6030
2 1 0 1 0 7 50 0 -1 0.000 0 0 -1 1 0 2
	1 1 1.00 60.00 120.00
	 6390 1440 9540 1980
2 1 0 1 0 7 50 0 -1 0.000 0 0 -1 1 0 2
	1 1 1.00 60.00 120.00
	 9360 2520 8640 4050
2 1 0 1 0 7 50 0 -1 0.000 0 0 -1 1 0 2
	1 1 1.00 60.00 120.00
	 9720 2520 10890 4050
2 1 0 1 0 7 50 0 -1 0.000 0 0 -1 1 0 2
	1 1 1.00 60.00 120.00
	 8550 4590 6660 6300
2 1 0 1 0 7 50 0 -1 0.000 0 0 -1 1 0 2
	1 1 1.00 60.00 120.00
	 10890 4590 6660 6300
2 1 0 1 0 7 50 0 -1 0.000 0 0 -1 1 0 2
	1 1 1.00 60.00 120.00
	 6068 2496 5348 4026
4 0 0 50 0 0 14 0.0000 4 150 630 5850 1350 codon1\001
4 0 0 50 0 0 14 0.0000 4 150 465 5940 1530 ATG\001
4 0 0 50 0 0 14 0.0000 4 150 1185 2160 2250 intermediate1\001
4 0 0 50 0 0 14 0.0000 4 150 1185 5580 2250 intermediate4\001
4 0 0 50 0 0 14 0.0000 4 150 1185 9000 2250 intermediate7\001
4 0 0 50 0 0 14 0.0000 4 150 450 2430 2430 CTG\001
4 0 0 50 0 0 14 0.0000 4 150 495 5850 2430 AGG\001
4 0 0 50 0 0 14 0.0000 4 150 1185 900 4320 intermediate2\001
4 0 0 50 0 0 14 0.0000 4 150 1185 3330 4320 intermediate3\001
4 0 0 50 0 0 14 0.0000 4 150 1185 4950 4320 intermediate5\001
4 0 0 50 0 0 14 0.0000 4 150 1185 6570 4320 intermediate6\001
4 0 0 50 0 0 14 0.0000 4 150 1185 8190 4320 intermediate8\001
4 0 0 50 0 0 14 0.0000 4 150 1185 10440 4320 intermediate9\001
4 0 0 50 0 0 14 0.0000 4 150 480 1080 4500 CGG\001
4 0 0 50 0 0 14 0.0000 4 150 450 3600 4500 CTA\001
4 0 0 50 0 0 14 0.0000 4 150 480 5130 4500 CGG\001
4 0 0 50 0 0 14 0.0000 4 150 495 6840 4500 AGA\001
4 0 0 50 0 0 14 0.0000 4 150 450 8460 4500 CTA\001
4 0 0 50 0 0 14 0.0000 4 150 495 10710 4500 AGA\001
4 0 0 50 0 0 14 0.0000 4 150 465 9270 2430 ATA\001
4 0 0 50 0 0 14 0.0000 4 150 630 5940 6300 codon2\001
4 0 0 50 0 0 14 0.0000 4 150 480 6030 6480 CGA\001
4 0 0 50 0 0 12 0.0000 4 135 180 3960 1620 b1\001
4 0 0 50 0 0 12 0.0000 4 135 180 6030 1890 b6\001
4 0 0 50 0 0 12 0.0000 4 135 270 7560 1530 b11\001
4 0 0 50 0 0 12 0.0000 4 135 270 7740 5040 b13\001
4 0 0 50 0 0 12 0.0000 4 135 180 1620 3150 b2\001
4 0 0 50 0 0 12 0.0000 4 135 180 2970 5490 b3\001
4 0 0 50 0 0 12 0.0000 4 135 180 4320 5040 b5\001
4 0 0 50 0 0 12 0.0000 4 135 180 3330 3150 b4\001
4 0 0 50 0 0 12 0.0000 4 135 180 5490 3240 b7\001
4 0 0 50 0 0 12 0.0000 4 135 180 5490 5400 b8\001
4 0 0 50 0 0 12 0.0000 4 135 180 6840 3150 n9\001
4 0 0 50 0 0 12 0.0000 4 135 270 6840 5400 b10\001
4 0 0 50 0 0 12 0.0000 4 135 270 8730 3150 b12\001
4 0 0 50 0 0 12 0.0000 4 135 270 10260 3150 b14\001
4 0 0 50 0 0 12 0.0000 4 135 270 9540 5400 b15\001
